user_id	sku_id
10022	43405
100318	61963
100410	22140
100502	19213
100535	51916
100540	51916
10057	93070
10061	2148
100777	12272
100831	123111
100990	64160
10100	153817
101081	4732
101238	111017
101301	32744
101393	70491
101477	42988
101488	97007
101631	4732
101718	54357
102141	38108
102249	102226
102511	87933
102629	170699
102675	166897
102792	6156
102913	16740
102948	122369
10297	89629
103007	146926
103043	54357
103112	4732
103162	144361
103216	2148
103606	51752
103617	14739
103639	79122
103705	71940
103773	168043
103904	85650
104044	64160
104069	56608
104227	2148
104254	84544
104341	135147
104467	77745
104539	20819
104918	136218
104947	89629
105045	141820
105195	51916
105246	146353
10536	63585
105668	8585
105855	112031
105921	8585
105991	65537
106	65537
10600	79080
106115	146926
106157	4732
106185	146926
106422	112141
106625	84544
106660	22140
106708	84544
107053	11257
107123	135894
107147	54357
107302	43405
107305	81163
107430	70491
10763	143527
107861	156650
108136	22140
108516	30218
108620	112141
10865	8585
108694	104937
10875	166897
108809	54357
108931	2148
109176	71940
109201	8585
109222	45173
109418	112141
109622	71651
109661	8585
109802	73250
109877	153304
109975	74527
110170	37427
110175	22140
11024	41618
110380	77745
11077	51916
110973	1286
111028	170864
111202	81199
111314	54357
111465	2148
111563	2148
111605	166897
11216	111532
112230	78285
112824	71940
11302	123430
113078	120686
113125	41200
113133	146926
11315	34535
113228	162344
113242	54357
113442	28443
113492	168434
113526	152061
11364	1286
113719	71940
114275	155692
114276	48106
114307	8585
114340	75362
114370	64160
114490	103114
114593	54357
114595	37546
114597	71651
114664	169886
114766	70491
11488	105352
114881	45173
114985	37427
115011	45173
115122	97007
115176	93074
115330	54357
11539	54357
11541	143527
11574	143289
115825	14739
115988	56608
115992	97007
116026	104937
116085	54357
116195	28443
116266	65823
116618	103114
11714	8585
117312	4732
117379	41505
117477	45173
117498	115757
11768	6156
117707	6156
117767	123111
117834	106989
117993	149462
118	71940
118075	81515
118205	89847
118423	89629
118503	154495
118659	71184
11908	100251
119271	122369
11945	89629
119522	112068
119694	149462
119906	22140
119952	54357
120070	81515
120111	42498
120187	70491
120256	100251
120457	156
120670	37546
120904	139648
121008	4732
121015	38108
121231	146926
121300	14739
12145	51558
121558	2148
121609	33726
121705	71184
121790	37057
121931	104297
121942	71940
121985	42988
122098	84544
122191	43025
122346	170699
122353	84205
122418	45173
122455	124413
122601	43025
122617	115757
122667	81515
122735	115757
122920	71940
12316	45173
123396	97007
123490	41009
12383	48000
12410	3930
124189	85650
124363	2072
124851	74798
12487	33726
125245	168886
125336	134683
125343	64160
125362	2148
125462	81515
125640	22140
125703	163570
125929	160485
125960	81163
126057	22140
126254	54357
126504	156632
126755	19433
127041	64160
127250	154495
12735	82973
127461	29827
127464	43405
127484	127931
127485	146926
127698	54657
127764	134683
127888	87901
128089	112141
128109	91362
1282	4732
128293	162344
128378	103114
128449	160964
128592	79122
128894	54357
128953	84544
129291	84544
129480	3930
129623	79122
129952	64160
129968	54357
130104	123096
130288	63585
130441	131210
130456	32744
130542	103114
13064	142295
13073	24237
130770	96941
130778	38108
130860	146926
13090	96941
13122	71940
131296	140061
131307	56608
131554	2148
131627	25837
131685	42988
131728	104937
131982	71940
132053	162344
132321	56737
132346	8585
132484	65537
132671	156650
132691	146926
132769	159184
132907	2148
132915	71940
132958	153817
13307	8585
133070	3930
133148	54357
133328	4732
133397	82481
133707	7196
133729	160964
13377	64160
13379	107700
134213	84544
134301	96941
134353	87933
134685	22140
134770	82481
134841	152061
135278	42988
135413	54357
135923	81163
136017	65174
1361	81838
136115	70491
136199	124413
136267	112141
136346	56608
136473	61963
136477	89629
136660	56608
13724	112141
13728	14739
13763	45173
13764	42988
137740	71940
137793	162344
138233	112141
138298	53150
138550	3930
13867	146926
138795	54357
138895	37427
13894	82481
139119	54357
139232	112141
139249	8585
13942	14098
139480	2148
139528	162344
13961	81515
14005	43405
14016	123430
140314	156650
140369	65174
140402	8585
14041	11257
140412	143407
140446	4732
140448	60755
140467	54209
140538	71184
140644	159184
140804	71184
140832	54357
140857	71940
141014	152028
141045	104297
141094	150041
141141	54357
141174	152061
14120	71184
141274	51916
141341	146926
141408	79080
141471	22140
141542	2148
141620	115836
141638	15168
141655	129336
141701	70491
141765	65823
141861	77745
141900	87901
142003	150492
142046	60755
142106	156650
14219	4732
142209	2148
142259	60755
142328	54357
14233	71940
142347	162344
142438	19433
142450	168043
142466	14359
14249	162759
142502	14098
142652	81515
142661	64160
142730	165029
142738	33726
142754	82259
142799	160362
142826	41009
142904	112031
143048	121196
143078	149462
143102	96941
143116	71940
143179	38174
14321	54357
143250	102166
143261	64160
143273	146353
143442	4732
14355	51916
143590	32744
143613	4732
143703	84544
143863	148308
14387	54357
143926	2148
143942	2148
143964	4732
143977	1286
144022	6156
144027	2072
144050	8585
144161	82481
14423	71940
144254	63585
144280	42988
144284	7196
144299	34535
144306	135147
144351	112550
144442	44605
144499	43405
144518	97007
144559	43405
144589	19213
14460	168434
144654	152061
144687	70491
144698	122369
14472	154495
144744	82481
144763	96941
144893	2448
144911	22140
145024	143527
145084	56737
145091	22140
145164	8585
145259	54357
145299	60755
145301	70491
145412	38108
145432	71940
145513	2148
145600	32744
145670	112141
145691	112141
145734	2448
145787	143289
145845	154495
145916	14359
145954	70491
146015	6156
146041	142295
14605	41618
146138	7877
146156	41009
146172	32744
14620	37546
146266	22140
146267	54357
146280	146926
146371	107700
146428	41009
146484	2148
146656	65823
146884	143407
146929	81163
14694	84205
147102	14739
147131	168043
14715	4732
147281	8585
147293	56550
147458	54357
147495	3930
147557	27231
147592	96941
147635	2148
147687	75589
147717	171183
147781	84544
147786	8585
147873	70593
148	105031
148001	98301
148049	151546
148144	48000
148198	70888
148201	71940
148215	85650
148225	82259
148311	12465
148334	77745
148352	25566
148433	54357
148495	92192
148512	163835
148546	31870
148744	112141
148746	92192
148841	102166
148852	77745
148860	149462
148894	20248
148932	37057
149043	8585
149058	143527
149073	104129
149194	2148
149345	42988
149486	54357
149510	97007
14964	143289
149688	104129
149732	79454
149777	79122
149812	160362
149986	8585
150	61963
150006	71940
150022	45980
150037	45980
150042	71940
150082	81515
150104	8736
150105	90902
15015	7196
150177	77745
150192	48000
150198	84205
150205	17032
150209	121196
150233	122369
150269	45173
150278	81515
1503	32744
150351	54357
150378	111532
150379	125372
150387	9069
150390	54357
15058	8585
15063	79122
150637	65823
150699	45173
150705	37546
15073	71596
150743	8585
150779	117739
150968	37427
150998	90902
151005	29827
151032	97007
151041	2148
151123	143527
151151	162344
151152	81163
151195	2072
151285	70491
151325	8710
151357	134683
151385	54357
151398	159184
151416	50142
151465	112550
151513	8585
151654	140061
151717	111017
151747	166640
151768	126267
151790	104129
151816	14739
15191	4732
151917	82259
151919	65537
152024	81515
15208	42988
152085	112031
152157	82481
152228	25190
152232	92192
152271	37546
152309	22140
15232	22140
152348	43405
152355	8585
152387	166897
152414	3930
152432	112031
152486	10180
152512	82259
152557	64160
152570	163918
152626	22140
152629	87901
152642	146926
152655	82481
152707	146926
152725	82259
152791	90902
152793	97007
152852	2148
152866	82259
152967	32744
153047	32744
153347	156650
153368	146579
153574	43405
153600	8585
153751	8585
153885	107700
153891	170626
153940	8585
153947	28443
154053	71940
154131	153817
154209	1286
154256	146926
154336	146926
15435	64160
15445	61963
154455	70491
154469	70491
154490	34330
154620	51916
154626	54357
154672	139648
154769	134683
154782	84544
154807	8585
15488	69931
154882	162344
154910	140061
154945	128416
154987	112141
154988	149462
155016	112373
155048	41009
155229	54657
155236	143289
155459	84544
155610	96941
155619	54357
155680	84544
155743	90902
155923	112550
156011	71940
156030	65755
15606	71940
156118	86227
156172	43405
156197	164365
156199	90902
156290	156650
156305	4732
15631	162344
156319	65174
15638	103707
156542	107700
156637	162344
156673	8585
156720	25566
156725	37427
156755	105031
156757	85650
156900	64160
156928	146926
156974	8585
157009	168434
157148	3752
157168	54357
15720	41009
157285	31870
157309	122369
157368	43405
157401	107700
157461	154495
157481	70491
157550	6530
157601	111532
157694	98301
157730	87777
157757	102226
157786	160485
157788	162344
157891	37546
158044	54357
158050	22140
158130	65823
158139	80497
158320	112141
158348	91182
158369	150041
158393	100251
158394	54357
158487	41958
15866	54357
158667	14739
158675	45173
158778	2072
158850	122369
158877	71184
158937	56608
159058	82008
159070	86449
159075	84205
159159	43405
159177	2148
159182	142295
159268	70491
159297	97007
159356	75589
15938	64160
159381	71940
159550	134452
159556	160362
159562	82259
159588	122369
159592	19433
159671	70491
159681	43405
159738	49118
159753	32744
159777	22140
159882	4732
159924	112141
159939	139648
160084	38108
160121	162344
160207	4732
160258	122369
160271	112141
160285	159601
160565	91362
160604	112031
160670	74397
160708	84544
160777	65174
160797	60755
160803	37057
160842	8585
160899	8585
160931	2148
160971	71940
161017	32744
161023	4732
161105	4732
161114	14098
161359	5916
161473	102166
16153	139648
161608	79080
16168	19213
161727	80497
161759	61084
161818	64160
161826	104297
161899	81515
161909	54357
161921	8585
161943	162344
162038	81515
162059	70491
162079	4732
162125	64160
162132	71184
162144	33726
162160	122369
162221	8585
162310	8585
162339	22140
162537	79122
162540	77745
162645	22886
162663	64160
162684	43405
162705	71940
162714	51916
162722	8832
162787	41009
162853	65823
162913	104129
163012	87933
163059	154132
163077	54357
163082	156650
163107	167139
163166	96941
163173	4732
163262	103707
163329	92933
163340	81515
163404	54357
163408	71940
163411	90902
163438	164775
163468	41009
16350	2148
163533	90902
163573	104297
163811	14739
163823	146926
163853	81515
163994	1286
164012	37546
164075	122369
164085	84544
164119	82259
16414	62400
164178	154495
164253	22140
16427	32744
164335	37546
164375	2148
164387	2148
164492	35463
164501	87901
164541	112550
164574	154495
164582	123111
164584	166640
164606	98301
16468	84544
164704	56608
164711	159184
164842	96941
16485	82481
164863	43405
164880	84544
164897	149462
164899	44605
164905	20819
164923	2148
164929	54209
164950	86227
164957	71940
164982	41009
165007	42988
165107	90646
165151	112031
165238	122369
165242	2148
165267	16338
165274	2148
165326	143289
165330	84544
165442	2072
165456	37057
165461	79080
165465	2148
165528	64160
165583	42988
165622	8585
165623	112290
165643	24688
165653	61963
16569	41618
165703	54357
165735	22990
165786	43737
165852	44605
165934	4732
165984	77745
16607	2148
166098	79080
166114	54357
166137	97007
166155	90902
166202	162344
166203	150492
16625	2148
166284	65174
166393	54357
166532	154655
166593	8585
166594	149462
166596	56608
166662	42988
166691	43405
166696	163969
166720	60755
166724	43405
166806	71940
166816	104297
166826	105395
166835	64160
166886	54357
166906	44605
166907	124413
167002	4732
167014	79122
167052	33726
167262	146926
167312	84544
167356	71940
167369	128416
167372	162344
167429	123096
167521	92933
167560	2148
167579	62080
167591	62884
167595	162344
167643	60755
167665	2148
167669	165029
167713	160362
16775	8585
167783	22140
167789	13715
167804	162671
167807	79122
167904	82259
167927	71184
167940	71940
167949	103707
167993	170864
168029	51916
16809	80497
168094	62080
168110	54357
168119	162344
168136	71184
168161	159184
168167	2148
168175	97007
168185	82973
16819	33726
168195	98301
168200	146926
168221	155513
16830	45173
168300	54357
168386	84544
168426	22140
168517	86604
168564	2072
168574	82481
168827	43405
168895	71940
168906	2148
169146	123111
169162	41520
169166	54357
169247	32744
169357	19213
169400	97007
16949	31703
169606	165997
169625	90646
169627	54357
169677	103114
169774	37427
169803	111017
169804	38108
169827	71184
169841	112754
169858	77745
169875	77745
169974	28443
169999	11257
170024	42988
170059	8585
170078	2148
170188	4732
170283	146926
17029	61963
1704	65823
170527	37546
170531	61963
170537	146353
170552	146926
170587	2148
17061	38108
170622	8585
170624	8585
170655	87901
170656	139648
170683	37546
170688	8585
170690	162759
170791	65537
170820	41009
17086	2148
170893	82259
170944	54357
171065	150041
171074	134683
171164	70888
171166	84205
171194	84544
171308	3930
171340	14739
171346	1286
171347	2148
171381	72126
171432	11257
171444	54209
171445	64160
171587	97007
171613	71184
171667	134580
171762	92933
171845	2148
171851	128416
17187	65755
171878	82259
171910	71940
171932	111017
172014	77745
172015	8585
172016	82259
172025	41618
172044	45173
172047	54357
17211	53150
172186	5874
172206	56737
172213	29827
172232	170864
172247	22140
172335	156650
172345	64709
172406	4732
17243	146353
172493	97007
172515	70491
172543	33726
172680	54357
172712	42988
172713	100251
172762	70491
172795	8832
172799	37427
17294	154495
172981	2148
172994	8585
173057	77745
17308	84544
173132	82259
173135	4732
173138	4732
173171	60755
173365	8710
173568	9159
173650	6716
173668	61963
173693	166813
173696	87933
173733	89629
173787	84544
173886	51916
173890	112141
173913	71184
173957	170626
17396	71940
173988	71940
174022	45980
174151	2148
17418	4732
174202	64160
174232	8585
174287	50142
174327	2148
174407	154495
174431	29827
174455	63585
174637	8585
17467	51916
174711	112141
174714	96941
174717	45980
174919	42988
174944	100251
175037	37427
175093	166897
175113	14098
175330	162344
175434	100251
175521	84544
175573	127931
175597	104297
17566	128416
175702	162759
175720	146926
175728	61963
175765	54657
175798	2148
175872	71184
175946	81163
175952	78285
176031	44605
176111	8585
17612	45173
17625	156650
176266	51916
176272	54209
176275	168434
176284	43405
176318	45173
176346	123096
176361	33726
176386	71184
176398	169886
176439	22140
176444	102226
176509	102226
176547	2448
176565	77745
17676	71940
176786	165997
176791	112550
176840	112141
176887	48000
17698	4732
177010	41009
177033	112550
177045	20248
17709	109954
177209	136218
177314	112141
177409	8585
177494	79080
1775	103372
177502	117739
177514	71940
177558	84544
177624	84544
177686	169886
177990	22140
17800	42988
178023	84544
178034	17032
178070	2148
178160	168434
178170	8585
178267	45173
178297	9069
178311	90646
178360	82259
17838	8832
178400	4732
178437	112141
178491	104937
178577	162344
178632	51916
178655	84205
178718	134303
178732	112141
178773	37546
178780	42988
178902	43405
178917	45173
178934	169886
178992	8585
179065	97007
179073	2072
179119	2072
179123	45173
179194	54357
179219	32744
179234	79080
179287	51558
179310	64160
179316	103114
179386	112068
179452	33726
179508	92192
179516	45173
179529	70491
179579	112373
179620	98989
179708	74798
179741	45173
179791	86604
179797	71940
17983	71940
179861	81163
179891	160362
180020	54357
18010	82259
18017	6887
180171	1286
180221	84544
180276	111532
180285	103114
180346	63585
180465	2148
18048	136218
180644	102166
180689	168043
180735	109954
180758	111017
180784	112141
180831	4732
18085	134683
180885	19433
180939	111532
180968	100684
181036	112141
181083	169886
181149	137328
181168	79122
181179	156650
181183	97007
18124	146926
181248	2072
181272	89007
181278	51558
18129	90902
181335	73250
181348	79080
181400	1286
181424	71940
181436	28443
181472	55983
181489	143527
181501	37546
18157	34330
181575	83347
181620	112550
181708	139648
181806	54357
181818	54357
181831	162344
181898	8585
181996	170699
182027	8585
182083	77745
182108	87933
182125	166640
182182	51916
18226	8585
182360	80497
182453	123430
182528	77745
182622	71940
182679	43405
182686	61963
182705	42988
182724	64160
182744	3776
182755	109954
182767	71940
182810	64160
182850	54357
182925	162344
182956	3930
183015	2148
183110	54357
183134	64160
183169	37546
183178	96941
183193	6156
183200	160485
183223	7196
183251	4732
183328	8585
183674	84544
183807	2072
183857	170284
183879	32744
184057	77745
184103	112141
184113	2148
184117	111532
184135	71184
184143	4732
184166	112373
184239	45980
184348	54357
184446	162344
184456	65174
184524	102166
184604	22140
184642	149462
18477	84544
184782	71940
184953	112373
184990	124032
184991	97007
185058	168043
18512	81515
185141	2148
185168	98301
185182	143289
185198	54357
185279	107700
185310	37546
185382	84544
185487	81515
185524	82973
18553	85650
185548	8585
185712	41618
185819	112141
185838	33726
185948	56737
185976	9159
18606	153817
186172	146926
186213	5977
186248	64160
186276	77745
186326	43405
186369	87127
186383	120852
186391	166640
186423	37546
186429	152061
186455	3776
186520	122369
186626	19213
186638	4732
186656	33726
186667	104937
186745	82259
186792	70491
187010	112141
187291	4732
187306	118053
187342	85650
187349	51916
187388	104297
187393	146353
187440	168043
18746	38108
187509	58768
187654	37057
187745	8585
187814	19213
187866	154495
187940	65537
18795	2148
187966	62080
188009	64160
188024	4732
188059	160686
188096	2072
188218	112141
188238	7196
188318	80497
188363	4732
188367	84544
188369	97007
188406	34330
188442	153662
188454	170626
188511	149462
188539	2072
188629	7196
188662	7196
18877	45173
188969	54657
189124	105395
189183	162344
189266	1286
189308	42988
189341	112141
189347	8585
189384	22140
189461	3752
189469	54209
189479	107700
189519	168581
189614	168434
189639	54357
189643	8585
189727	30480
189752	81490
189757	64160
189831	142295
189837	79454
189874	54357
189950	8585
189983	160686
189989	64160
190237	2148
190291	127931
190299	83347
1903	54357
190303	84205
190358	111532
190379	4732
190406	22140
190480	90646
190506	2148
190664	2148
190679	77745
190760	71940
190767	82481
190774	100251
190779	45173
190876	81515
190902	102166
190920	54357
190993	43405
191089	22140
191098	80497
191272	112550
191341	8736
191374	54357
191499	112141
191511	115757
19156	64160
191572	2148
191573	45173
191745	8585
191766	97007
191772	43025
191801	112550
191921	60755
192027	70491
192052	104297
192079	84205
192146	93621
192171	146926
192259	64160
192281	111017
192283	51916
192288	56055
19231	64160
192448	19553
192530	71940
19273	84544
192731	112373
192799	90902
192829	22140
192893	4732
192914	84544
19310	3752
193146	2148
193212	22140
193757	19553
193853	8585
194055	97007
194071	8585
194152	9159
194928	22140
194951	104297
19503	65823
195417	43405
195813	170626
195839	54657
195959	45980
196172	146926
196197	131210
196436	53150
19650	123430
19652	82259
196889	51009
19697	22140
197056	60755
197069	71940
197130	2072
197181	152746
197222	112141
197255	33726
197633	97007
197663	112141
197779	37546
197859	62080
198200	134452
198223	43405
19823	44605
198505	54657
19874	4732
198819	53150
19889	42988
19902	8585
19904	54357
199287	84544
199522	87901
199564	65174
199635	4253
199638	37427
199644	15780
199846	2148
199853	45173
200184	70491
200486	100251
20059	4732
200727	71940
200876	64160
200891	122369
201346	45173
201462	42498
201479	70491
2019	32744
201920	83347
2020	8585
202205	43405
202211	57462
202318	51916
202474	123096
202493	16791
202538	135147
202582	85650
202744	45980
202745	104937
202863	8585
202889	64160
202965	65174
203009	82259
203029	51916
203075	102166
203106	164365
203175	71940
203189	70593
203221	64709
203260	7196
203291	102166
203305	42988
203358	7975
203455	139648
203510	37427
203536	12272
203561	170626
203592	146353
203624	19553
203667	5874
203739	117692
203771	94724
203779	42988
203841	54357
203856	4732
203878	37546
203997	43405
204029	150158
204063	4732
204086	153807
204210	2072
204229	98989
204279	100251
204319	81515
204345	120498
204356	70491
204482	2148
204502	25566
204586	70491
204789	14098
204836	4732
204852	11257
204854	79080
204928	146353
205010	82259
205054	8832
205078	112141
205139	71940
205141	146926
205178	84544
205228	37546
205231	65823
205300	64160
205355	2148
205477	71940
205486	112550
20549	162344
205500	1286
205527	71184
205547	8585
205625	7196
205637	2148
205770	14098
205890	56737
205898	20077
205985	71940
206027	63585
206036	170626
206038	90902
206073	82259
206091	81515
20632	96941
206326	45980
206392	100487
206439	97007
206471	96941
206531	85650
206532	64160
206551	82481
206557	139648
206560	51916
206570	154495
2066	71940
206607	109954
206660	103707
206740	29827
206767	2148
206779	71184
206818	168043
206918	71940
206937	65823
207124	45980
207141	64160
207259	28443
207292	54209
207348	77745
207371	112141
207414	71940
207426	19553
207452	71940
207453	69357
207504	3930
20751	150394
207551	7196
207556	56737
207613	22140
207754	74798
207769	85650
207787	97007
207987	84544
207989	4732
208012	7196
208013	4732
208042	70491
208060	131364
208070	103372
208078	12772
208082	27537
208158	104129
208163	7196
208228	42988
208317	64160
208364	162344
208435	153817
208468	4732
208474	54357
208513	3776
208619	1286
208645	2148
208660	104937
208714	98249
208727	61963
208745	77745
20875	112141
208764	33726
208885	134683
208920	37546
208938	22140
208966	71940
209060	37546
209083	103114
209110	128416
20915	64160
20919	70593
209300	158230
209331	97007
209338	44605
209439	84544
209638	14739
209663	98301
2097	100487
209771	103675
209786	56608
209793	8585
209818	83347
209836	8585
209876	103114
209898	2148
209989	54357
209991	2148
210061	8832
210090	37546
210131	165029
21016	42988
210230	166897
2103	122369
21037	42988
21038	4732
210458	84544
210516	22140
210566	64160
210570	87901
210611	43405
210659	63585
21070	8585
210713	8585
210784	170626
210921	166813
211114	80128
211171	82259
211321	54357
21140	41009
211447	162344
211574	43405
211598	87933
211696	162344
211704	5916
211794	8585
211860	71940
211952	7196
211964	83009
211983	14098
212076	82481
212176	56550
21219	97007
212297	7196
212306	54357
212321	71940
212363	143527
212423	51916
21244	37427
212531	45173
212604	111017
212631	8585
212645	128416
212682	32744
212692	2148
212709	162082
212768	162344
212802	123096
212812	90646
212819	162344
212899	45173
213009	168043
213026	148308
21314	19213
213306	64160
213341	153150
213411	4732
21351	61963
213762	24237
213853	154495
21394	56608
214066	3930
21413	8585
214229	64160
214283	79122
214343	38108
214366	22140
21461	48000
214621	8585
214716	121196
21517	56055
21519	112141
215240	90902
215280	7975
215297	8585
215339	149462
215350	84544
215358	134683
215495	37546
21554	71940
215632	146926
215655	81163
215680	3752
215696	33726
215707	4732
215708	55792
215803	5874
215846	8710
215872	84544
21588	54357
215880	104297
215925	43405
215972	112141
216049	146353
216104	3930
216105	71940
216109	51916
216114	136218
216220	45173
216225	136218
216346	2148
216472	160501
216576	71940
216610	135147
216637	160362
21664	43405
216658	139648
216746	1286
21684	112031
216944	12272
216973	170547
216981	54132
217014	112141
217058	71940
217092	22140
217111	82259
217162	71940
217168	149462
21719	97007
217222	4732
217239	8585
21727	64160
217273	111017
217288	63585
21730	112373
217319	54357
217328	71940
217345	124413
217360	41009
217394	2148
217443	64160
2175	7196
217559	55792
217563	84544
217578	111017
21765	123430
217682	112141
217685	45173
217700	38108
217711	4732
217751	1286
217756	93070
217792	136218
217843	48106
217868	45980
21792	162759
217993	61963
218027	162344
218028	143289
218045	7975
218057	97007
218067	141820
218099	142295
218138	124554
21816	107700
218179	54357
218198	80497
218224	79122
21832	51558
21834	54357
21850	8585
218503	8585
21865	102166
218654	131210
21868	146926
218707	30157
218767	32744
218818	112141
21885	3930
218908	4732
218930	64160
219030	12465
219039	56737
219098	105031
219105	84544
219107	19213
219111	42988
219140	54357
21927	84588
219281	134992
219308	22140
219374	82259
21942	32744
219472	97007
21948	107962
219486	70491
21949	146926
21951	8585
21955	84544
219613	143289
219658	56608
21966	84544
21968	54357
21969	51916
21970	1286
21983	32744
21990	22140
219919	2148
21993	71940
219934	2148
219935	168886
21994	160485
219971	64160
21999	4732
22	2148
22001	4732
22002	4732
22005	65537
22006	8585
220077	56737
22009	84544
220125	87331
220139	81163
220190	104937
2202	87127
220207	124554
22023	90902
220230	82481
220239	71940
22024	71940
22026	97007
22031	8585
220317	50142
22032	84544
22034	14739
220356	2148
220358	14739
22036	38108
22038	22140
220389	79122
22048	54357
22051	146926
220536	156650
22062	108753
220666	45173
22068	56737
22074	97007
22080	8585
220914	71184
22092	71651
220938	82259
221016	80497
221059	3776
22109	71940
221105	3311
221108	80497
221119	102166
221159	56608
221187	123430
221211	71940
22125	123430
221339	22140
221341	37427
22140	71940
22151	146579
22153	169886
221531	90902
22155	71940
221570	87777
221624	71184
22165	64323
221686	89629
22172	22140
22173	84544
221741	162344
221764	64138
22178	143527
22180	146926
22186	102166
221883	37441
221896	136218
22190	79080
221906	45980
22192	143527
22196	112031
221965	81515
22202	135147
222059	22140
222097	8736
222133	112373
222138	3930
222157	146926
22216	169886
22219	54357
222228	54657
222293	37427
22248	2148
222495	80497
222524	156650
22258	4732
22264	71940
222717	139648
22281	109954
222812	146353
22286	112373
222863	4732
222871	4732
22289	8585
222920	63585
22294	150041
22295	3930
223016	42988
223026	64160
22303	48000
223041	152061
223045	120686
22308	56608
223187	44605
223195	19553
22328	87933
223295	146926
223319	167084
22344	84544
22345	8585
223623	54357
223702	51916
22373	71184
22374	111532
22379	4732
22384	87933
22386	41958
22388	82259
22389	80497
224011	81163
22408	1286
224201	8585
224206	90902
22450	81515
224602	89007
224708	56550
224807	65174
22483	77745
224909	2148
225069	54657
225108	37546
225126	84544
225224	97007
225351	56550
225599	146926
225913	156650
225963	7877
2261	71184
226249	97007
226391	64160
226517	22140
226540	70491
226602	63792
226675	82481
226679	128416
226702	71940
226729	91182
226731	41958
226751	41009
226767	79122
226768	112141
226832	42988
226841	3930
226978	154495
227002	162344
227033	168043
227160	162344
227222	51916
227300	64709
227308	54357
227316	81515
227320	82259
227343	111532
227390	77745
227426	149462
227433	64160
2275	71940
227528	90902
227562	80497
227595	80497
227599	79122
227724	135147
227793	146353
227874	32744
228118	64160
228230	8585
228264	160806
228270	42838
228292	32744
228386	97007
228453	64160
228457	2148
228507	37546
228531	153807
228538	1286
228625	84205
228661	170699
228705	90902
228718	90902
228740	123111
228789	98249
228791	4732
228803	165029
228806	71184
228807	8585
228927	61963
229086	102226
229411	111017
22942	65537
229460	2148
229650	60755
229982	142295
230049	22886
230117	136218
230167	102166
230298	160362
230356	63585
230593	7196
230647	160362
230701	97007
230709	102166
23080	107962
230854	29827
230871	136046
230878	104937
230909	64160
230956	96941
231012	54657
231015	146353
231072	8585
231218	77745
23123	90902
231283	65755
231285	166897
231377	71940
231422	49338
231497	135147
231628	42988
231722	87127
231735	84544
231744	152061
231770	8585
231802	53150
231806	8585
231868	62884
231951	25566
231986	22140
232004	85650
232028	112550
232084	1286
232117	71940
232155	51916
232287	79122
232471	51558
232596	104937
232684	90646
23271	156650
23329	41009
23700	82259
23783	37427
24262	64160
24564	154495
24742	152746
24815	18254
24897	1286
24898	82259
25500	2072
25782	65174
25845	54357
25900	45518
25926	84544
25994	34330
2601	111017
26052	170626
26173	154495
26180	31703
26288	146926
2653	3930
26554	117721
26685	32744
26713	63585
26963	29827
27145	103114
27152	103322
27161	41009
27203	31703
27214	168043
27229	96941
27247	112141
27258	71940
27324	80497
27346	84544
27408	84544
27446	90646
27449	71940
27484	54357
2749	15168
27500	2148
27528	54209
27554	12772
27556	2148
27638	152746
27654	32744
27671	54357
27719	146926
27740	77745
27821	71184
27955	162344
27967	71184
28002	2148
28008	170626
2807	169886
28079	70491
28315	71940
28411	22140
28437	51558
28468	9159
28476	81490
28553	71184
28571	79454
28610	162344
28621	54357
28754	64160
28755	8585
28800	6156
28825	105031
28862	84544
28882	112141
28902	70491
28978	61963
29069	43025
29142	2148
2918	64160
29213	87901
29236	150041
29407	42988
29409	109954
2946	45173
29466	44605
29494	1286
29506	43405
29549	14739
29550	104297
29608	156650
29771	127836
29772	56608
29868	102226
29907	82481
29928	2072
29934	20819
29950	84544
29965	149462
29979	22886
30021	84544
30088	29827
30092	45980
30138	55792
30213	82481
3023	22140
30262	42988
30327	71940
30350	72126
30394	71940
30439	84544
30478	65537
30497	71940
30574	146353
30854	82481
30858	5977
30871	139648
30894	111017
30925	14739
30953	33726
30969	2148
31010	70491
31094	139648
31112	73250
31125	11182
31130	77745
31169	102166
31357	171183
31393	112141
31510	8585
31767	70491
31799	127931
3209	54357
32109	97007
32127	3930
3223	7196
32277	12272
32427	71940
32473	64160
32498	97007
32515	146353
32574	131210
32615	54357
32641	77745
32655	164336
32698	22140
32711	69931
32774	79080
32786	51558
32790	64160
32823	8585
32839	70888
32849	45173
32878	72126
32884	64160
3292	115757
32936	45173
33039	105395
33044	41618
33052	111528
33069	45173
33104	54357
33177	84544
33196	37546
33338	42988
33369	84544
33391	112754
33440	92712
33486	156650
33551	149462
33601	168434
33754	22140
33814	71940
33826	70491
33938	2148
34020	2148
34066	43405
34087	149462
3410	54357
34126	62080
34132	146926
34184	82259
34306	84544
34371	82259
34389	8585
3443	68124
34448	150394
34474	146926
34499	71940
34518	89847
34603	82481
34618	153817
34647	84544
34651	71940
34689	168434
34692	33726
34722	32744
34741	91362
34815	90902
34857	64160
34864	162344
34935	143289
34936	96941
34966	162344
35061	2072
35185	2148
35196	103322
35200	19553
35286	22140
35393	71940
35422	71184
35452	154495
3546	96941
35592	122369
3562	105031
35638	117739
35645	6156
35733	71184
35794	32744
35804	77745
35817	8585
35937	2148
35988	51558
35996	115757
35997	2072
36003	8585
36044	64160
36062	170626
36115	82259
36120	112141
36128	134683
36142	162344
36213	89629
36278	102166
36311	8585
36420	119061
36525	90902
36547	84544
36561	3930
3665	150041
36686	33726
36706	146926
36783	22140
36825	112550
36875	34330
36933	8585
36986	19213
37028	162344
37079	2148
37123	143527
37154	142295
37210	2148
37245	45797
37292	44605
37333	4732
37377	51558
37420	54357
37462	71940
37586	168043
37604	112141
37614	84544
37638	1286
37654	77745
37789	4732
37793	111532
37836	62080
37841	162344
37895	112550
3795	71940
38006	87777
3811	33726
38128	45980
3818	71940
38197	41958
38279	134683
38299	127931
38332	134580
38433	117692
38440	71940
38469	77745
38484	154495
38506	45980
3852	71184
38523	54357
3854	54657
38561	41009
386	96941
3874	3930
38777	3930
38790	64160
3891	64160
38915	8832
38923	149462
38930	170864
38985	168581
39014	97007
39115	84544
39175	19433
39199	111532
39205	64160
3929	71940
39314	166813
39346	54357
39448	159184
39505	84544
39533	54357
3962	167139
39782	22140
39784	54357
39817	43405
39820	44605
3989	7196
39914	146926
39937	166813
39971	156650
40080	146926
40131	14098
4017	4732
40196	97007
40291	92933
40293	100487
40324	154495
40329	112373
40382	2072
40424	84544
40470	154495
40557	70491
40598	38108
40635	32744
40701	93074
40755	41618
40764	146353
40870	64160
41089	64160
41100	64160
41120	93070
41186	151190
41390	170699
41403	118053
41434	97007
41515	79080
41531	79080
41644	82259
41692	53150
41743	142295
41750	14739
41794	45980
41807	9159
41810	65537
41811	2148
41859	152061
41923	158793
41997	58622
42001	120498
42005	71184
4206	60755
42097	164643
4220	64160
4226	96941
42397	84544
42507	41618
42537	112141
42568	41618
42623	97007
42711	51558
42727	149462
42728	77745
42744	56608
42755	54357
43023	160362
43336	84205
43351	64160
43477	62080
43497	70491
43523	90902
43571	86051
43602	146926
43644	112141
43697	51916
43765	63585
43874	7196
43935	122369
44054	166640
44066	51916
44162	80497
44183	146926
44296	84544
44308	97007
44387	45980
44399	28443
44688	25566
44708	142295
44745	90646
44881	125372
44940	81515
44983	134818
45012	122369
45022	63585
45102	22140
45166	4732
45213	41009
45223	146579
45364	119954
45377	126918
45393	162344
45492	55792
45519	33726
45525	4732
45572	102166
45638	65174
45762	168043
45894	162344
45949	160485
45991	64160
46059	41958
46214	71184
46298	79454
46350	22140
46410	2148
46449	20819
46459	7196
4647	84544
46478	96941
46488	146926
46533	96941
46558	4732
46599	70491
46745	169886
46858	111532
46972	89629
46978	71940
46990	7196
47055	45173
471	2148
47106	54357
47132	8710
4718	37546
47261	105395
47320	150041
47321	162759
47495	128416
47565	159184
47755	54357
47857	54357
4800	77745
48158	17032
48250	29827
48288	56608
48336	71940
48364	151981
48480	50142
48611	141820
48681	54357
48702	54209
48738	71184
48767	54357
48786	112141
48856	170647
48871	151981
48953	32744
48965	81515
49029	112550
49269	60755
49295	7381
49361	70491
49382	139648
49391	96941
49556	64160
49587	54357
49637	83347
49701	4732
49768	33726
49963	7196
49993	8585
50006	43737
50007	1286
50039	136218
50044	93621
50075	87901
50086	81515
50181	131969
50264	2148
50424	37546
50458	60755
50480	84588
50520	139648
50525	70491
50559	97007
50685	27537
50689	54357
50737	79122
50764	143527
50776	84544
50834	122027
50881	2072
50890	41009
50969	14739
50987	45173
51004	54209
51023	71184
51030	2148
51044	37427
5107	150041
51136	111532
51152	84544
51154	159184
51160	146579
51220	41958
51394	54357
51450	82259
51517	22140
516	48000
51679	22140
51727	44605
51758	111532
51783	14739
51787	41009
51796	8585
51904	153807
51937	111532
52003	89847
52019	1286
52070	22140
52090	104937
52120	162344
52140	79080
52289	64160
52337	82259
52390	64160
52410	14359
5245	115836
52474	112141
5258	69357
52645	2072
52651	162344
52664	20440
52775	50142
52799	70491
52910	42440
52959	103114
52997	79122
53088	127836
53123	84205
53164	122369
53260	124413
53288	14739
53291	166897
53305	71940
53345	143289
53353	45173
53383	65537
53399	142295
53554	93070
53625	70491
53791	64160
53812	86227
54082	19213
5421	45173
54265	105352
54296	149462
54355	8585
54388	41618
54404	129336
54415	111532
54451	81199
54554	54357
54586	159184
54609	170626
54612	84544
54627	37546
5463	128416
54768	77745
54807	4732
54809	54357
54814	70491
54825	84544
54867	41009
54921	71184
5498	22140
54981	81515
54987	79673
55041	90646
55143	51916
55190	8585
55200	8585
55201	84544
55225	154495
55249	104129
55272	65823
55277	8585
55351	14739
55372	111017
55410	54357
5544	8585
55448	33726
55537	122369
55552	112550
55569	84544
55572	56737
55594	104937
55616	54357
55627	70491
55631	71940
55644	146926
55698	15821
55707	134452
55795	70888
55869	41618
55886	9159
55920	28443
56139	84544
56186	146353
56260	70491
56366	45173
56409	4732
56462	168043
56501	51916
56586	156650
56816	2148
56823	77745
56844	81838
56940	45980
56942	146926
57065	30972
57168	115757
5721	134683
57227	64160
57232	18254
57266	167139
57291	25566
57309	82481
57363	81515
57391	66638
574	37427
57400	143527
57416	98989
57589	165997
57643	51916
57707	121196
57763	134683
57775	54357
57822	51558
57842	97007
58001	84544
58030	160485
58059	44605
58069	29827
58126	170864
58434	54357
58483	52516
5860	146926
58699	19553
58735	143527
58779	22140
58814	149462
58820	8585
5890	84544
58920	135147
58956	56737
59018	54357
59060	20077
59082	171183
59096	128416
59121	54357
59241	45980
59564	84544
59566	68335
59603	82259
59636	146353
59673	64160
59677	168043
59686	44605
59737	79080
59780	9159
59814	9159
59902	122369
59934	14739
60038	104297
60075	60755
60181	56550
602	70593
60286	4732
60359	54357
604	112141
60652	134683
60870	70491
60996	44605
61018	134683
61021	19433
61034	168043
61077	33726
61097	22140
61200	4732
61253	83347
61256	51558
61304	91048
61481	22140
61491	112550
61504	142295
61590	65823
61652	22140
61727	54209
61763	143289
61814	22140
61858	82259
61906	84544
61917	37546
61947	60755
61984	97007
62055	71940
62058	70491
62090	8585
62129	8585
62227	79080
62250	145102
62291	54657
62356	84205
62368	155692
62369	84544
624	38108
62497	104129
62524	22140
62527	149014
62548	165029
62557	41618
62599	71940
62629	46894
62638	81515
62648	71940
62649	134452
62680	128416
62795	170626
62828	4732
62874	166897
62879	3930
62931	154495
62948	84544
63018	64160
63054	37546
63069	97007
63106	170626
63133	70491
6316	65537
63218	146353
63244	122027
63250	32744
63276	54357
63353	37057
63407	65823
6344	135147
63507	61963
63538	2148
63596	8710
63712	54209
63777	2148
63828	119903
63959	112141
64009	81163
64020	2148
64074	153662
64276	77745
64290	45135
64326	143360
64391	170699
64488	43405
64572	2148
64649	64160
64854	71940
64898	104937
64936	82259
65039	84544
65044	168434
65073	2148
65102	82259
6525	64160
65272	71184
65379	166640
65404	65174
65437	2148
65483	19433
65518	84544
65560	32744
65586	41512
65587	85650
65736	45173
65737	168043
65797	117692
660	150492
66003	84544
66164	139856
66244	22140
66378	162759
66544	34330
66671	22140
66698	14739
66742	64160
66744	81163
66789	8585
66851	166897
66983	22140
67052	122369
67070	2148
67096	124554
67330	104937
6738	51916
67401	2148
67439	88798
67461	112141
67470	7196
67535	2448
67585	84544
67618	32744
67619	8585
67621	51916
67625	53150
67632	54357
6767	8585
67707	37427
67728	115836
67733	71940
67786	8585
67796	122369
67806	54357
67819	81515
6782	146926
67842	112141
67878	81163
6790	102166
67926	64160
67959	28356
68	54357
68013	162671
68066	8585
68103	146926
6814	37546
68151	71184
68159	135147
68165	90902
68243	71940
68294	149462
684	104297
68414	38108
68456	112141
68513	142295
68535	104937
68559	24688
68580	160485
68601	92712
6861	1286
68674	64160
68690	134683
6873	51916
68732	91630
68794	117739
68996	134683
69027	84544
69032	7975
691	55983
69294	48000
69391	37427
69453	90902
69528	42988
69552	70491
69576	146926
69711	77745
69805	84544
69810	154495
69811	11257
69812	93545
69875	54357
69917	170626
69958	124413
69988	81515
70049	82008
70055	143527
70067	102226
70176	64160
70318	103114
70353	89629
70391	139648
70426	82259
70473	156650
70479	4732
70543	146353
70591	54357
70599	71940
70601	2072
70611	64709
70692	2448
70712	123111
70720	105031
7074	107700
70754	1286
70755	42988
70788	32744
708	8585
70926	135147
70976	103114
70997	84544
71040	80497
71051	82259
71067	22140
71203	102166
71215	102166
71273	51558
71312	82259
71381	112550
71408	97007
71428	162344
71469	112141
71513	105031
71549	44605
71565	64160
71603	2148
71632	22140
71635	118053
71692	2148
71734	65823
71755	1286
71841	71940
71861	112141
71877	134683
71909	71940
71923	115836
72065	112550
72107	98482
72131	4732
72140	84544
72162	102166
72179	43405
72293	90646
72342	5916
72352	45980
72362	70491
72478	128416
72571	4732
72584	132831
72600	22140
72601	170626
72613	84544
72701	8585
7277	70491
72902	68124
72914	93070
72950	123111
73	54357
730	70491
73014	97007
73024	22140
73153	56737
73185	84544
73269	142295
73328	121196
73401	64160
73428	71940
73551	54357
73560	82481
73619	82259
7362	27537
73636	125372
73639	166897
73658	79454
73685	84544
73778	160362
73826	50142
73830	78285
73838	54357
73881	22140
73952	44605
73967	2148
74027	2148
74033	123430
7410	160362
74146	51916
74158	149462
74234	87901
74275	97007
74401	54357
74405	79454
74421	60755
74495	69357
74500	53150
74529	1286
7456	103114
74610	5874
74654	37546
74680	144245
74720	162344
74726	7196
74832	84544
74841	112550
74868	4732
74885	64160
74929	22140
74935	79829
74940	159184
74966	3930
75120	2148
75179	170626
75198	9069
75224	70491
75226	97007
75233	92192
75264	64160
75296	162344
75312	4732
75334	33726
75396	19213
75418	103114
75462	170626
75490	137328
75524	84544
75557	89847
75595	32744
75624	96941
75633	42988
75643	2148
75700	112068
75756	22886
75860	112550
76038	2148
76096	160362
76397	71940
76433	135894
76440	23530
76485	32744
76664	45173
76669	127836
76681	7196
76696	71940
76716	112141
76749	153304
76763	3752
76832	84544
76902	84544
76912	122027
77013	41009
77015	71184
77078	111017
77160	162759
77169	8585
7723	112550
77280	70491
773	41009
77356	149462
77360	71940
77397	62080
77430	162759
77436	134683
77453	124032
7746	169620
77474	81163
77477	61963
77495	54357
77557	41009
77638	54357
77654	14739
77695	84544
77729	160362
77757	54357
7779	71940
77790	82259
78022	22140
78029	149462
78068	63585
78089	2101
78137	86604
78162	83347
78265	84544
78266	2148
78279	71940
78300	65823
78315	71940
78320	128416
78333	64160
78355	104937
78356	62502
78368	3930
78419	81515
78420	1286
78435	168043
78451	100684
78519	112141
78521	126918
78578	168434
78607	54357
78652	168043
78654	42440
78797	4732
78897	87933
78901	134452
78909	112550
79000	84544
7901	69357
79071	54357
79081	82259
79107	64160
79120	115836
79138	62184
79186	11257
79187	56737
79243	43110
79248	120498
79255	29827
7930	60755
79311	54357
79384	71940
79511	112550
79513	71184
79546	166897
79818	168434
79958	2072
79968	82481
80019	111017
80040	41009
80051	22253
80105	14739
80115	62080
80228	71940
80263	117692
80316	7196
80371	32726
80392	152061
80405	84544
80500	112141
80528	70491
80543	54357
80654	3930
80690	97007
80930	20819
80977	64160
81	162344
81051	66638
81057	88798
81105	45173
81121	142295
81129	102166
81193	54657
81245	162344
8125	166813
81286	84544
81293	170626
81311	54209
81372	2148
81376	4732
81553	70888
81632	9159
81691	22140
81719	42988
81734	166897
81760	109954
81774	162344
81816	159184
81839	73250
8185	134683
81919	104937
82001	37546
82140	112141
82183	82481
82202	19433
82203	156650
82249	42988
82267	162344
82284	103114
82357	84544
82413	22140
82427	112550
82450	111532
82485	44605
82567	85650
82638	14739
82689	70491
82708	33726
82738	112373
82848	37427
82854	64160
82917	6156
82977	142295
82991	87055
83045	8585
83061	112550
83169	37546
83340	8585
83365	77745
83372	71184
83389	112550
83457	84544
83512	22140
83648	112550
83655	82481
83729	111017
83795	168434
83798	2148
8385	64160
83879	7196
83886	104129
84044	8585
84045	19433
84108	1286
84160	150492
842	7975
84259	55983
84313	37546
84346	87777
84396	112550
84411	89629
84482	112550
84489	118630
84549	42988
84693	6156
84781	14739
84819	71940
84993	80497
85028	134683
85226	71940
85282	166813
85326	2148
85369	51916
85377	156650
85400	122369
85409	64160
85463	60755
85506	128286
85610	117692
85633	42988
85668	90902
85672	71940
85849	7196
85878	7975
85918	44605
86080	8710
86132	112550
8621	4732
8626	154495
86263	86051
86279	44605
86463	78285
86541	122369
86547	112141
86733	162344
8682	84544
86857	112141
87283	84544
87289	37427
87487	71184
87534	112550
87567	2148
87654	70491
8773	74798
87861	165997
88008	71940
88103	149462
88240	77745
88285	4732
88556	8518
88568	64160
88746	64160
88830	2072
8888	91182
88930	90902
88989	22140
89191	91362
89268	22140
89430	54357
89479	77745
8948	85272
89769	45980
90040	135147
90162	150041
90213	43405
90318	51558
90616	42988
90758	48000
90770	42988
9090	71184
9093	69357
90963	71940
90978	70888
91438	143360
91445	54357
91451	77745
91522	120076
91869	160362
92009	37427
92045	37427
92103	8585
92198	70491
92251	54357
9248	84544
92506	112550
92728	112141
92781	100251
92898	150041
92931	159184
93009	64160
9307	30218
93170	92712
93481	7196
93482	61963
9352	7196
93534	97007
93776	84205
93994	37427
94228	33726
94401	44605
94548	155343
94599	79080
94630	139648
9490	5977
94907	54657
9541	92933
95434	9507
95465	41009
95575	98249
95628	169886
95762	41958
95768	12465
95892	71940
96013	122027
96111	111017
96337	22140
96381	84544
96392	84544
96493	54209
96592	98989
96625	146926
96854	43405
96959	64160
96992	54357
97087	86604
97263	8585
97296	14739
97344	44605
97805	70888
98070	44605
98386	2148
9840	102226
98713	9159
98912	71184
98933	56550
98970	54357
99080	4732
99176	71184
99189	117721
99234	4732
9928	70491
99302	41009
9950	71940
99689	5916
99912	43405
99990	8585
